2;594
4;900
4;639
8;1904
8;1847
16;5631
16;5736
16;5639
16;5850
32;21962
32;21426
32;20195
32;19900
32;20985
64;108138
64;93090
64;92544
64;88922
64;93240
64;110490
64;92075
64;94670
128;377138
128;380946
128;378935
128;374564
128;375408
128;365024
128;367255
128;384775
128;459175
128;379594
128;381682
256;1451157
256;1455712
256;1474589
256;1462805
256;1447917
256;1396292
256;137832
256;129622
256;130237
256;130513
256;129636
256;128835
256;125144
256;134366
256;133685
256;128051
512;519437
512;502430
512;523758
512;524657
512;518132
512;504286
512;510760
512;509441
512;505645
512;513898
512;504970
512;496141
512;504574
512;515523
512;507964
512;513021
512;509490
512;503606
512;514979
512;532610
512;511259
512;518799
1024;2065373
1024;2065094
1024;2069826
1024;2050410
1024;2136880
1024;2105914
1024;2046105
1024;2089476
1024;2062066
1024;2032111
1024;2075094
1024;2043605
1024;2077251
1024;2044745
1024;2061153
1024;2059262
1024;2056430
1024;2082584
1024;2012355
1024;2125376
1024;2049366
1024;2103407
1024;2043469
1024;2041046
1024;2065040
1024;2063097
1024;2061331
1024;2032247
1024;2032716
1024;2056481
1024;2070766
1024;2049388
2048;8335597
2048;8168550
2048;8133696
2048;8282030
2048;8253517
2048;8205459
2048;8242642
2048;8237231
2048;8244078
2048;8321535
2048;8286627
2048;8153793
2048;8274635
2048;8352901
2048;8248004
2048;8231444
2048;8253484
2048;8241805
2048;8249245
2048;8368949
2048;8102079
2048;8150871
2048;8336535
2048;8326820
2048;8133666
2048;8209832
2048;8308372
2048;8310661
2048;8146226
2048;8150706
2048;8273708
2048;8358108
2048;8272234
2048;8375571
2048;8287201
2048;8276538
2048;8299132
2048;8268739
2048;8252117
2048;8312387
2048;8323820
2048;8127417
2048;8094762
2048;8286045
2048;8198180
4096;32977146
4096;32751775
4096;33234326
4096;33182750
4096;33173577
4096;33036152
4096;32675570
4096;33149004
4096;33382621
4096;33117621
4096;32717123
4096;33108026
4096;32862390
4096;32754591
4096;33010760
4096;33286837
4096;33015360
4096;32992451
4096;32956510
4096;33239570
4096;32987874
4096;33158720
4096;32982351
4096;33079800
4096;32768420
4096;32951895
4096;32777597
4096;32943948
4096;33026098
4096;33142957
4096;32905643
4096;32871603
4096;33173759
4096;32677078
4096;32936084
4096;32727159
4096;32806976
4096;32832648
4096;32897192
4096;32762191
4096;32811210
4096;33085774
4096;32866140
4096;33104756
4096;33111275
4096;32829082
4096;33077502
4096;32933513
4096;33143567
4096;33326622
4096;32716276
4096;33257468
4096;33248259
4096;33396952
4096;33195237
4096;32994561
4096;33251296
4096;33548597
4096;32681126
4096;33007483
4096;32797741
4096;33393576
4096;32800730
4096;33046747
8192;130989190
8192;131354088
8192;132975685
8192;132281209
8192;131272914
8192;131560731
8192;132666049
8192;131097173
8192;131046587
8192;131853404
8192;131400644
8192;132025566
8192;132484864
8192;131530867
8192;132426894
8192;132144674
8192;131557043
8192;131868570
8192;131879798
8192;131135133
8192;131515014
8192;131939461
8192;132032444
8192;132446572
8192;131465989
8192;131476467
8192;132089626
8192;131984944
8192;131599200
8192;130699622
8192;131882004
8192;131843956
8192;131533236
8192;131600560
8192;131757584
8192;132286678
8192;132729164
8192;132843426
8192;132809903
8192;132111500
8192;132181606
8192;131981479
8192;132037728
8192;131747812
8192;131606130
8192;131444873
8192;131792924
8192;132761971
8192;131801009
8192;130646374
8192;132660656
8192;131751118
8192;132444035
8192;131377938
8192;132201263
8192;131448336
8192;132282771
8192;132289019
8192;131960028
8192;131800182
8192;132067592
8192;132757534
8192;132402185
8192;132824987
8192;131860263
8192;131208301
8192;132676340
8192;131678170
8192;132149606
8192;131170010
8192;132057860
8192;132791416
8192;131990494
8192;131855944
8192;132873836
8192;132009227
8192;132317263
8192;131708302
8192;130858224
8192;132482257
8192;132845377
8192;132271675
8192;132082053
8192;132745272
8192;132916541
8192;131869198
8192;131903430
8192;131486578
8192;132041828
8192;131468893
16384;531661972
16384;733260922
16384;750813937
16384;747480406
16384;754325179
16384;753297968
16384;756497309
16384;753781083
16384;752911589
16384;752220543
16384;756023765
16384;750932130
16384;752343151
16384;750921841
16384;752261446
16384;539333370
16384;753270578
16384;752586253
16384;719694628
16384;527660118
16384;530777599
16384;738532718
16384;752256087
16384;533699741
16384;529657505
16384;530021028
16384;527469844
16384;528740376
16384;533297548
16384;528611525
16384;530555680
16384;528642489
16384;529886013
16384;532031678
16384;533093031
16384;529039980
16384;529834379
16384;529716262
16384;532589140
16384;566890303
16384;748139453
16384;747475039
16384;750402163
16384;746868926
16384;755107192
16384;751122353
16384;750582835
16384;746739883
16384;751098914
16384;624680494
16384;753278455
16384;752571553
16384;749992415
16384;751595553
16384;753664944
16384;748411189
16384;536125546
16384;529283238
16384;530500100
16384;531353638
16384;530062595
16384;528387454
16384;532320074
16384;530607568
16384;530701464
16384;529097805
16384;528026914
16384;528810530
16384;534746342
16384;530132873
16384;528868105
16384;531923225
16384;529811872
16384;531229416
16384;530245947
16384;531108502
16384;531609770
16384;608495999
16384;752752578
16384;751361899
16384;755154489
16384;750084045
16384;750227596
16384;753175224
16384;532607086
16384;533652392
16384;526504504
16384;703500952
16384;752848517
16384;755052507
16384;752440497
16384;753956404
16384;534782012
16384;700721956
16384;752469329
16384;753326947
16384;754474380
16384;749432997
16384;750965084
16384;536413106
16384;531565794
16384;611828712
16384;746931708
16384;756104946
16384;749554048
16384;752552202
16384;754307999
16384;667181028
16384;751616551
16384;753848022
16384;747663667
16384;750588374
16384;752669304
16384;731071471
16384;752271137
16384;750210936
16384;753225722
16384;750465511
16384;749627604
16384;749216154
16384;751210403
16384;752643179
16384;749776268
16384;753546182
16384;752036232
16384;755471460
16384;753761441
16384;749821084
32768;2130050680
32768;2129276141
32768;2127465110
32768;2129559925
32768;2290261342
32768;3023569463
32768;3000701992
32768;3018172714
32768;3007190653
32768;3018020002
32768;3011422402
32768;3011421903
32768;3012281962
32768;3000294407
32768;2817689444
32768;3015489860
32768;3003826169
32768;3024602986
32768;2973126563
32768;3005076820
32768;3005957002
32768;2891705573
32768;2130423436
32768;2119431444
32768;2119401009
32768;2123416444
32768;2849953859
32768;3015764136
32768;3018911604
32768;3001466603
32768;3010206489
32768;3006391773
32768;3014065360
32768;3008170557
32768;3008320107
32768;3000168029
32768;3002202554
32768;3008776083
32768;3004700118
32768;3001564044
32768;3001459119
32768;3011342946
32768;3001744229
32768;2996114905
32768;3010135249
32768;3002526320
32768;2550167960
32768;3003439421
32768;3009702798
32768;2862944440
32768;3010469456
32768;3011022060
32768;3008538509
32768;2617454047
32768;2854987335
32768;3015665052
32768;2810799481
32768;2847173026
32768;3012546279
32768;3017745926
32768;3004396826
32768;3014733432
32768;3012001464
32768;3014396421
32768;3012848640
32768;3007684670
32768;3020033739
32768;3015746154
32768;3010198897
32768;2974932296
32768;2993280257
32768;3014093668
32768;3016259412
32768;2921966979
32768;3010271462
32768;3010272320
32768;3018546220
32768;2868215514
32768;3000089034
32768;3016822101
32768;2939382326
32768;3012716435
32768;3012166658
32768;2971059674
32768;3010268916
32768;3011677640
32768;3007259407
32768;3009227537
32768;3015432694
32768;3004171709
32768;2683045686
32768;2795024834
32768;2898053188
32768;2999002403
32768;2999766257
32768;3021138444
32768;3005168245
32768;2763550128
32768;3004044258
32768;3011835432
32768;3008597338
32768;2720739221
32768;3009104083
32768;3005148847
32768;2540899612
32768;3002938850
32768;2130682199
32768;2125256264
32768;2132267458
32768;2754783255
32768;3017879488
32768;2127774768
32768;2115607200
32768;2849229264
32768;3012903111
32768;3007738130
32768;3014607662
32768;3010464314
32768;3001119857
32768;3007577197
32768;2849938429
32768;3013516135
32768;2987903188
32768;3007591463
32768;3007422403
32768;3005440069
32768;2854725251
32768;3018670291
32768;3002771097
32768;2897174112
32768;2882324233
32768;2999718476
32768;3018678234
32768;2936121684
32768;3008574858
32768;3007498674
32768;2898731369
32768;3015028500
32768;3004404849
32768;3007160386
32768;2994512516
32768;3024686343
32768;3003812015
32768;2993300822
32768;2999791587
32768;3006060535
32768;3003133280
32768;3013855155
32768;3011268299
32768;3018615939
32768;2669760789
32768;3006411403
32768;3006507009
32768;2732475664
32768;3011054467
32768;3008371299
32768;3011761964
32768;2769970218
32768;2129825547
32768;2123151005
32768;2127777282
32768;2259353872
32768;3015519895
32768;2124679861
32768;2118257294
32768;2119871145
32768;2121807028
32768;2119128210
32768;2113517534
32768;2121696940
32768;2292092262
32768;3010506851
32768;2997376272
32768;3018615591
32768;2966320670
32768;3009588474
32768;3003873111
32768;2537278659
32768;2123363707
32768;2116891861
32768;2129030454
65536;10908442048
65536;11836419523
65536;11672923035
65536;12034271695
65536;12042765502
65536;11996235507
65536;12021804848
65536;11325306363
65536;11178299662
65536;11648983167
65536;11549138106
65536;11799556981
65536;11692451865
65536;11919122227
65536;12022971699
65536;11859612539
65536;11802756560
65536;12003840722
65536;12036692380
65536;11962143034
65536;11979999009
65536;11650290120
65536;11418806807
65536;11682428492
65536;11506739250
65536;11789681317
65536;11595595570
65536;12038480696
65536;12016013012
65536;11838799652
65536;12022110182
65536;11783439398
65536;11806816073
65536;11960527491
65536;12007411200
65536;12004849506
65536;11399810499
65536;12045173561
65536;12045342401
65536;12006631737
65536;11839156911
65536;12054181010
65536;11745709497
65536;12055308191
65536;12034600703
65536;12057164429
65536;12041344909
65536;12023438861
65536;11964594294
65536;12049307721
65536;11598660054
65536;12008845946
65536;11790409452
65536;11781595944
65536;11630927783
65536;12007070408
65536;11984157245
65536;11821942709
65536;11719377381
65536;12057188542
65536;11940668979
65536;12040586919
65536;11979607465
65536;12052653544
65536;12051663376
65536;11663994653
65536;11648864351
65536;11871122738
65536;12033279666
65536;11972312242
65536;12029148546
65536;12020178713
65536;11890112416
65536;12054805954
65536;11846232709
65536;12028542158
65536;11970781185
65536;12041204108
65536;11411117898
65536;11660375033
65536;11768181440
65536;11791553840
65536;11607178396
65536;11833424434
65536;11732055488
65536;12036066119
65536;12036592127
65536;11767577170
65536;12036931680
65536;12002983034
65536;11944949693
65536;12017275330
65536;12024526228
65536;12025002854
65536;11714496707
65536;11547955116
65536;11806352821
65536;11682004177
65536;11916874937
65536;11760542538
65536;11813602568
65536;12021294651
65536;11825963136
65536;9567866667
65536;11980363597
65536;12006129731
65536;12057211715
65536;11357979912
65536;11585406119
65536;12072896669
65536;11760060606
65536;11643664611
65536;11915867097
65536;11836640582
65536;11991534166
65536;11849792317
65536;11793813741
65536;11973468003
65536;11910518443
65536;12001609968
65536;12052104586
65536;11610634166
65536;12053785473
65536;11465383196
65536;11723199994
65536;11363721613
65536;11698836422
65536;11924283742
65536;11777401225
65536;12015781307
65536;11787083873
65536;11929090752
65536;11898819932
65536;11941038496
65536;12053994646
65536;11680097570
65536;12065168938
65536;11598799324
65536;12018550790
65536;11911655630
65536;11980144663
65536;12030018320
65536;12055691402
65536;11718673285
65536;11906867340
65536;11873789346
65536;12035709806
65536;11956866760
65536;12027177572
65536;11394788981
65536;11629644257
65536;11447527293
65536;11736795440
65536;11558180370
65536;12047728576
65536;11939439595
65536;11780146097
65536;12013877502
65536;11896645181
65536;11782299743
65536;11830924637
65536;12052587389
65536;12089137920
65536;12057280991
65536;9899527176
65536;11659261882
65536;11664179576
65536;11484383977
65536;11656765826
65536;11690570575
65536;12035223299
65536;12033397850
65536;12036499715
65536;11691751018
65536;12004826050
65536;12015873619
65536;11959480364
65536;12039377972
65536;12003101095
65536;11657292136
65536;11483802923
65536;11785056678
65536;11920546810
65536;11862811276
65536;11727075075
65536;11755033307
65536;12036952632
65536;11785469951
65536;11955078456
65536;11924193418
65536;12048392736
65536;11312265067
65536;8473618233
65536;8496667508
65536;8482775180
65536;8507462392
65536;9798584609
65536;11877109037
65536;11858513752
65536;11658683128
65536;11643444595
65536;12042646946
65536;11878868807
65536;11834775773
65536;11967307860
65536;12088515527
65536;12046890720
65536;12066934223
65536;11693210964
65536;11759947129
65536;11817482786
65536;11714724246
65536;12020101669
65536;12001919723
65536;10128712627
65536;9715060641
65536;11854347541
65536;12042054654
65536;11817899252
65536;11897392037
65536;11987219368
65536;12063054935
65536;11525218322
65536;11375759204
65536;8498048591
65536;10012672170
65536;11625347412
65536;12008737880
65536;11583006498
65536;11795123037
65536;12013125843
65536;11846109954
65536;11805261085
65536;12066361258
65536;12041817519
65536;11993358027
65536;12014488270
65536;12029324326
65536;11665166640
65536;11474540400
65536;11309265405
65536;11827001293
65536;11680987639
65536;12033817159
65536;11947807228
65536;12026799674
65536;12034374103
65536;11942756680
65536;12040692372
65536;9831882410
65536;8503607448
65536;8480288674
65536;8500324075
65536;8485362472
65536;8477168670
65536;8520457139
