67
8 82.5 155.1 262.9 369.9 462.3 588.3 657.9 698.9
4 18.5 31.9 47.1 61
4 97.1 124.5 136.9 148.4
6 157.9 174.7 187.3 204.5 226.4 255
7 281.8 299.4 319.6 330 338.2 342.9 349.9
6 378 404.1 412.6 422.2 438.5 446.7
8 489.7 502.3 518.8 531 536.2 550.9 557.6 576.4
4 596.9 611.4 618.4 640.7
4 668.7 676 681.7 690.3
5 724 739.2 751.4 769 790.4
7 2.8 6.7 8.9 10.4 11.1 15.2 15.3
7 23.7 25.7 26.3 26.6 27.1 28.7 31
4 33.3 34.2 35.8 43.5
5 47.5 53.1 55.1 58.7 58.8
4 62.1 68.9 76.5 82.2
7 83.4 83.4 86.9 90.7 91.2 95.8 95.8
9 97.1 99.9 101.3 102.2 106.3 114.7 118.5 119.7 123.2
8 125.9 128 128.1 128.2 128.6 129.2 129.5 136.6
5 138.7 138.7 144.1 144.4 145.1
4 149.3 152 152.8 153.7
5 155.1 156.2 157 157.2 157.2
6 160.2 162.7 166.4 170.7 171.2 173.8
5 182.9 183.3 183.6 184.7 185.1
9 192.9 196.7 198.1 198.9 200.4 202.7 203 203.7 203.7
7 204.5 205.6 210 211 213.7 223.6 225.2
7 227 245.8 245.8 249.5 252.4 253.1 253.8
5 259.2 260 261.5 261.9 262.2
7 263.7 269.2 269.9 270.3 272.2 272.8 278.9
6 281.8 285.9 289.2 297.5 297.8 298.6
5 302.1 302.6 308.1 310.6 313.6
7 321.7 321.8 322.9 324.5 325.9 326.9 330
6 332.6 332.7 334.9 335.9 337 337.6
5 341.1 341.2 341.5 342.5 342.8
5 345 346.7 347.7 348.6 349.9
9 350.7 366 366.8 368.9 369.2 369.3 369.4 369.4 369.8
7 370.8 373.7 374.2 374.8 375.3 376.7 377.6
9 383.9 385.5 391.7 394.6 396.4 399.6 401.2 402.3 403.8
5 404.5 405 407.7 409.9 412.6
5 413.3 415.5 418.8 419.6 420.8
8 425.1 425.3 428.5 429.7 429.7 433.7 434.9 434.9
5 440.9 443.9 444.7 444.9 445.8
4 448.8 455.6 459.1 459.4
9 462.6 468.2 469.7 469.8 473 475.3 475.7 483.6 489.6
6 490.4 495.4 496.7 496.8 497.9 498.1
6 502.3 505.8 508.2 510.7 511.7 515.6
4 520.1 520.1 522.9 526.7
6 531.6 532.8 533 533.2 535.1 535.7
6 538.2 538.9 540 544.1 547.6 548
5 552.4 553.1 553.6 555.7 557.2
6 562.7 563 566.4 568.3 572.6 573.9
4 582 585.8 586 586.9
6 589.3 592.1 594.8 596.6 596.6 596.8
4 600.7 601.1 602.7 606.9
4 613.8 614.5 615.6 618.3
5 625.1 626.3 627.5 630.3 634.3
6 642.4 650.4 652.8 652.8 654.8 657.9
7 659 660.6 662.6 663.2 663.3 665.3 665.4
4 671 672.2 672.2 674.1
6 676.3 677.8 678.4 678.8 680.4 680.7
6 683.9 686.4 688.7 689.7 690 690.2
5 693.5 694 694.1 695.2 698.7
7 700 701.1 705.2 706.1 711.4 716.4 716.5
9 725.3 726.7 727.1 728.8 731.9 734.1 736.5 736.8 738
7 739.5 743.9 745.9 747.8 748.8 750 751
7 753.3 755.9 757.6 761.4 762 766.9 767.5
7 770.3 771.5 771.6 773.8 781.2 783 788
5 792.1 792.8 796.8 797.6 797.6
