62
3 49.5 94.5 156.5
2 22.3 31.7
2 62.9 81.6
2 109.3 132.7
2 171.7 182.2
4 4.3 4.9 13.3 15.9
2 24.9 29.8
3 36.5 41.8 44
3 51.7 56.5 58.3
2 69.8 77.3
2 84.4 89
2 99.5 102.7
4 112.4 115.5 120.2 125
5 139.4 141.1 143.3 151.7 153.8
2 159 165.2
2 174.4 179.1
2 189.7 194.7
3 1.4 1.4 3
2 4.5 4.5
3 6.1 9.3 11.2
2 14.9 15.5
5 16.6 17.2 18.5 20.5 21.7
3 22.9 23.1 24.4
3 28 29.1 29.6
3 30.4 30.6 30.8
2 33.7 34.3
5 37.2 38.3 38.5 38.7 39.4
2 42.8 43.2
4 44.6 46 47.6 48.1
2 51.4 51.6
3 52.3 52.4 56.1
3 56.7 56.8 57
3 58.4 60.5 62.8
2 63.1 64.7
4 71.8 73 73.2 74.8
3 78 79.9 80.2
4 81.7 81.9 82.2 83.6
3 84.7 87.1 88
3 91.6 92.3 92.4
5 95.1 95.3 96.2 96.7 97
3 99.6 100.8 102.6
5 103.2 104.1 107.2 107.5 108.3
5 109.4 109.4 110.8 111.2 111.9
4 112.9 112.9 113.3 114.8
5 116.6 117.7 118 118.7 119.8
4 120.3 122.6 123 123.3
4 126.4 128.5 129.8 131.5
3 136.2 136.5 136.5
3 139.6 139.7 139.7
2 141.5 142.6
5 145.7 146.1 148.2 150 150.2
2 152.3 152.4
4 154.7 155.2 156.1 156.2
5 158.3 158.6 158.7 158.8 159
4 162.5 162.8 162.8 164
3 166.2 169.9 171.1
3 171.7 172.1 174.1
4 174.5 177 177.3 178.1
4 179.4 179.9 180.8 180.8
4 183.7 186.4 188.8 189.3
5 189.8 192.5 192.8 193.3 194.7
3 198.3 199.4 200
