9
2

28 17 49 05 36 3 5 4 1 3 4 
17 23 59 46 08 4 4 5 2 3 5 
2

18 36 02 45 79 2 4 2 4 5 5 
04 57 13 89 26 3 1 3 1 2 2 
4

68 49 05 12 37 1 3 5 4 4 5 
69 08 15 24 37 1 3 5 3 3 5 
08 15 37 46 29 4 2 3 2 2 3 
13 46 28 57 09 2 4 4 1 1 1 
2

19 24 06 58 37 4 2 2 3 2 4 
48 16 05 29 37 3 1 1 2 1 1 
3

48 79 12 36 05 2 4 5 3 4 3 
01 79 38 46 25 2 3 1 5 3 1 
39 26 07 45 18 1 1 3 2 1 5 
3

28 34 01 56 79 4 1 3 4 2 4 
06 78 19 25 34 1 4 1 1 5 1 
48 01 35 26 79 4 4 2 4 1 4 
3

17 25 48 06 39 3 5 2 5 5 2 
25 67 14 09 38 5 5 1 4 5 1 
13 78 26 05 49 2 1 4 5 1 4 
2

45 67 01 89 23 1 4 4 4 3 4 
15 29 37 46 08 4 2 5 2 1 2 
2

13 06 48 29 57 5 5 5 1 2 2 
01 26 78 35 49 4 3 4 4 1 2 
